3 2
16 9
5 4
1296 625
2401 1296
32768 16807
9 8
100 81
121 100
1728 1331
169 144
14 13
15 14
1048576 759375
17 16
104976 83521
6859 5832
160000 130321
9261 8000
10648 9261
23 22
13824 12167
9765625 7962624
676 625
19683 17576
784 729
707281 614656
27000 24389
923521 810000
32768 29791
1185921 1048576
1336336 1185921
1225 1156
1296 1225
1874161 1679616
79235168 69343957
39 38
1600 1521
41 40
1764 1681
3418801 3111696
164916224 147008443
4100625 3748096
4477456 4100625
47 46
48 47
5764801 5308416
125000 117649
0 0
